        China       Han Inwoo
C0 = -0.726806  -0.342 +/-  2.671
C1 = 14.381022  14.150 +/-  1.027
C2 =-29.109666 -28.761 +/-  1.652
C3 =  7.002453   7.490 +/-  4.355
C4 =-42.348260 -42.923 +/-  4.855 
C5 = -1.780741  -1.197 +/-  0.210
C6 = -2.046496  -2.040 +/-  0.216

